99
-20257 -25009 
-50716 80237 
-26535 85252 
26075 38767 
-91961 -79093 
-32148 39614 
-75283 19469 
40806 -6695 
25225 -22895 
9394 -29680 
82745 53202 
-15979 11792 
24690 -38054 
-32443 -77163 
-4552 57888 
-19592 75192 
-67121 29692 
55428 6344 
14943 -18498 
-54890 22983 
2410 12963 
-37404 27128 
-67568 -96599 
-79568 57658 
-19493 29826 
-72023 -36749 
-16972 11999 
75043 -92282 
73945 -57401 
-69445 -30607 
-99513 10963 
-55416 -66634 
-59345 -99988 
39710 55598 
-18485 84821 
-21420 83926 
-2216 41177 
11053 30216 
44579 31486 
-12126 -74915 
-38688 15852 
-11664 44340 
-72150 -36621 
52058 -98205 
5979 82614 
-28812 6466 
-6423 15772 
39833 34232 
15785 -20457 
-10171 97300 
-35636 68410 
81225 62148 
9587 -7723 
-7636 -45835 
-76237 80238 
-20750 -14925 
-3911 67587 
-70585 23940 
-69034 81473 
25735 36945 
64087 96924 
-56589 -42337 
12696 83244 
91895 -71520 
-37213 -18276 
-74221 27151 
-49866 -92996 
-10702 59721 
-718 81663 
-86115 23045 
61900 -6864 
-91881 -42011 
-39278 -62466 
81929 -8312 
-80993 7664 
-71367 83094 
4587 -27955 
-59244 -82718 
-44712 -67349 
-54237 18076 
14375 -28457 
-54774 64509 
-21453 34524 
24229 77829 
16187 38115 
874 -21913 
-68750 8993 
36076 -8027 
46528 18005 
83662 65536 
-74332 -87706 
48629 30255 
-15661 89386 
47538 39628 
-77963 93302 
-42297 36412 
-35156 2929 
921 43391 
-62547 -74850
0